AlexNet GPU FP32 batch 1

14598.5
14023.5
14235.5
13833.0
13911.0
13721.5
13930.0
13631.0
13884.333333333334
14065.0

AlexNet GPU FP16 batch 1

13357.5
13280.5
13466.0
13363.333333333334
13470.5
13663.5
13412.5
13567.0
13930.5
13451.5

GoogleNet GPU FP32 batch 1

14321.0
14313.0
14282.333333333334
14084.5
14524.5
13671.666666666666
13963.333333333334
13862.333333333334
14601.5
13810.666666666666

GoogleNet GPU FP16 batch 1

12037.5
11985.333333333334
12496.0
12112.5
11895.333333333334
12024.0
12151.0
12536.5
11843.666666666666
12307.5

SqueezeNet GPU FP32 batch 1

13236.333333333334
13891.5
14068.5
13911.0
13798.5
13586.5
13721.5
13748.666666666666
13176.0
13440.333333333334

SqueezeNet GPU FP16 batch 1

11712.0
11461.0
12382.5
11615.5
11789.0
11615.5
11654.5
12049.333333333334
11232.25
11654.0

