AlexNet GPU FP32 batch 1

107.39
106.346
108.506
106.223
107.279
107.438
107.132
108.298
106.923
108.01

AlexNet GPU FP16 batch 1

170.188
169.629
169.17
169.257
169.224
169.119
169.133
169.049
170.002
169.19

GoogleNet GPU FP32 batch 1

119.665
119.769
119.996
119.945
120.321
120.069
120.016
120.07
120.175
120.323

GoogleNet GPU FP16 batch 1

200.014
198.333
200.032
199.409
199.791
199.344
198.684
199.106
199.362
199.627

SqueezeNet GPU FP32 batch 1

174.237
173.226
173.349
172.625
174.154
176.169
174.316
174.09
174.585
173.794

SqueezeNet GPU FP16 batch 1

293.551
288.666
295.639
293.155
291.128
292.964
288.239
293.625
288.862
293.646

