AlexNet GPU FP32 batch 1

47.0287
46.9214
47.0244
46.9846
46.9796
46.9581
47.0255
46.9228

AlexNet GPU FP16 batch 1

87.3603
87.4956
87.3162
87.3842
87.2932
87.1276
87.549
87.3952
87.3809
87.2406

GoogleNet GPU FP32 batch 1

48.8619
48.8186
48.7547
48.7019
48.7581
48.8972
48.8122
48.99
48.8737
48.849

GoogleNet GPU FP16 batch 1

82.8895
83.1949
83.3131
83.7405
83.6359
83.5393
83.6248
83.3265
83.5415
83.3593

SqueezeNet GPU FP32 batch 1

73.5011
73.5054
73.5736
73.6838
73.1383
73.7938
73.5135
73.3926
73.8413
73.4271

SqueezeNet GPU FP16 batch 1

105.319
105.054
104.975
105.03
105.447
105.013
105.175
105.346
105.536
104.948

