AlexNet GPU FP32 batch 1

12882.5
12826.5
13377.0
13301.0
13377.0
13301.0
13300.5
13072.0
13224.5
13301.0

AlexNet DLA FP32 batch 1

8843.0
7264.666666666667
7150.666666666667
7048.777777777777
7092.428571428572
7073.777777777777
7163.25
7575.0
7031.111111111111
7001.125

AlexNet GPU FP16 batch 1

13525.5
13525.5
13680.0
13525.5
13356.0
13373.5
13413.0
13426.666666666666
13257.666666666666
13449.5

AlexNet DLA FP16 batch 1

8954.0
7888.0
7082.0
7206.714285714285
7430.0
7271.333333333333
7101.125
7306.25
7024.5
7026.285714285715

GoogleNet GPU FP32 batch 1

11845.5
11977.5
11978.5
11826.5
11902.0
11750.0
11824.5
11826.5
12072.0
11673.0

GoogleNet DLA FP32 batch 1

8224.0
6882.833333333333
7010.5
6856.714285714285
6857.5
7035.833333333333
6884.142857142857
6972.0
6984.666666666667
6840.714285714285

GoogleNet GPU FP16 batch 1

9902.5
9826.0
9977.5
9724.666666666666
9724.666666666666
9902.0
9826.0
10041.333333333334
9775.333333333334
9826.0

GoogleNet DLA FP16 batch 1

7423.0
6952.5
6995.2
6908.333333333333
6840.714285714285
6862.571428571428
6971.285714285715
6982.0
6883.0
6883.0

SqueezeNet GPU FP32 batch 1

12062.333333333334
12063.0
12265.0
11885.0
12163.666666666666
11809.0
11997.666666666666
12012.0
12214.333333333334
11859.666666666666

SqueezeNet DLA FP32 batch 1

9990.0
10562.0
9990.0
10142.5
9970.0
10562.0
10141.5
9989.5
10314.0
10523.0

SqueezeNet GPU FP16 batch 1

10142.0
10177.0
10184.25
9860.0
9984.25
10314.0
10151.666666666666
9974.8
10100.25
9908.0

SqueezeNet DLA FP16 batch 1

10314.0
10523.0
10562.0
10523.0
9989.5
10237.5
9990.5
9990.0
10161.5
10523.0

ResNet-18 GPU FP32 batch 1

12721.5
12722.0
12797.5
12493.0
12352.666666666666
12098.333333333334
12645.5
12569.0
12645.5
12416.5

ResNet-18 DLA FP32 batch 1

8415.0
7543.0
7124.25
6994.2
7009.5
7002.4
6994.2
7137.0
7162.5
7009.5

ResNet-18 GPU FP16 batch 1

11274.0
11274.0
11223.0
11198.0
11274.5
11197.5
11274.0
11502.0
11349.5
11274.0

ResNet-18 DLA FP16 batch 1

8073.0
7024.6
7047.75
7390.0
6971.25
7047.75
7695.0
7848.0
7009.5
6894.4

ResNet-50 GPU FP32 batch 1

12915.0
12443.666666666666
12914.0
12264.666666666666
12264.0
12513.5
12761.5
12545.666666666666
12342.0
12241.0

ResNet-50 DLA FP32 batch 1

8415.0
7314.5
7151.0
7047.625
7102.888888888889
7129.428571428572
7467.0
7128.875
7162.0
7115.125

ResNet-50 GPU FP16 batch 1

11111.0
11389.5
11237.5
11237.5
11237.0
11111.0
11237.0
11561.5
11085.5
11237.0

ResNet-50 DLA FP16 batch 1

8112.0
7248.25
7346.571428571428
7124.6
7695.0
7314.5
7162.0
7119.777777777777
7150.166666666667
7314.5

ResNet-101 GPU FP32 batch 1

12386.8
12386.6
12508.2
12234.6
12234.0
12417.0
12287.2
12508.2
12356.2
12234.6

ResNet-101 DLA FP32 batch 1

8264.0
7391.0
7695.0
7544.0
7471.0
7071.4375
7065.666666666667
7096.857142857143
7543.0
7055.466666666666

ResNet-101 GPU FP16 batch 1

11148.666666666666
11389.5
11198.333333333334
11464.5
11768.5
11262.333333333334
11314.0
11503.333333333334
11299.666666666666
11313.5

ResNet-101 DLA FP16 batch 1

8072.0
7099.909090909091
7715.0
7057.4375
7315.0
7696.0
7024.866666666667
7265.571428571428
7107.272727272727
7045.266666666666

ResNet-152 GPU FP32 batch 1

12383.57142857143
12389.42857142857
12547.714285714286
12204.0
12346.0
12154.714285714286
12209.285714285714
12503.857142857143
12797.0
12303.142857142857

ResNet-152 DLA FP32 batch 1

8378.0
7126.608695652174
7736.0
7276.714285714285
7544.0
7404.666666666667
7304.142857142857
7441.666666666667
7696.0
7264.166666666667

ResNet-152 GPU FP16 batch 1

11135.0
11522.5
11236.666666666666
11294.5
11149.0
11250.0
11274.0
11756.0
11370.5
11274.666666666666

ResNet-152 DLA FP16 batch 1

7920.0
7477.25
7619.5
7441.666666666667
7299.8
7553.666666666667
7619.5
8040.0
7477.0
7848.0

VGG-16 GPU FP32 batch 1

14999.857142857143
14993.0
15248.714285714286
14682.666666666666
14869.42857142857
14785.5
14798.714285714286
15006.42857142857
15049.285714285714
14689.166666666666

VGG-16 DLA FP32 batch 1

9486.5
8725.5
9082.333333333334
8604.2
9040.25
8926.25
8748.0
9106.666666666666
8659.75
8914.666666666666

VGG-16 GPU FP16 batch 1

12838.0
12410.0
13293.0
12686.0
12762.0
12508.666666666666
12686.0
12914.0
12762.0
12913.0

VGG-16 DLA FP16 batch 1

9674.0
9227.0
8861.5
10026.0
9379.0
9242.0
8436.4
9066.5
8617.166666666666
9602.0

VGG-19 GPU FP32 batch 1

15099.625
14957.75
15388.5
14753.625
14905.875
14720.625
14810.25
15004.5
14981.75
14753.5

VGG-19 DLA FP32 batch 1

9050.0
8412.363636363636
8322.285714285714
9146.0
8294.375
8454.285714285714
8710.42857142857
9202.5
8817.666666666666
9531.0

VGG-19 GPU FP16 batch 1

12231.666666666666
12054.166666666666
14280.0
12044.0
12646.0
12011.8
12646.0
12824.0
12100.25
11884.666666666666

VGG-19 DLA FP16 batch 1

9223.0
8502.666666666666
8781.75
9070.5
9014.0
8527.25
9070.5
9470.5
9379.0
8783.75

