AlexNet GPU FP32 batch 1

acoustic_guitar
12807.0
12958.0
backpack
12807.0
12846.0
baseball
13302.0
13452.0
chair
13302.0
13300.0
electric_guitar
13302.0
13452.0
guac
13302.0
13300.0
keyboard
13302.0
13299.0
mouse
12998.0
13300.0
12918.0
mug
12997.0
13452.0
screwdriver
13302.0
13300.0

AlexNet DLA FP32 batch 1

acoustic_guitar
8843.0
backpack
7238.0
7238.0
7278.0
7278.0
7278.0
7278.0
baseball
7126.0
7125.0
7125.0
7125.0
7125.0
7278.0
chair
6934.0
6973.0
6933.0
7125.0
7125.0
7126.0
6973.0
7125.0
7125.0
electric_guitar
6934.0
7086.0
7125.0
7125.0
7125.0
7126.0
7126.0
guac
7126.0
6966.0
6973.0
7126.0
7125.0
6973.0
7125.0
7125.0
7125.0
keyboard
7277.0
7126.0
7125.0
7125.0
mouse
7575.0
mug
6934.0
7118.0
6973.0
6933.0
6972.0
6973.0
7126.0
7126.0
7125.0
screwdriver
6934.0
6973.0
6933.0
6973.0
7125.0
7125.0
6973.0
6973.0

AlexNet GPU FP16 batch 1

acoustic_guitar
13528.0
13523.0
backpack
13528.0
13523.0
baseball
13680.0
13680.0
chair
13528.0
13523.0
electric_guitar
13184.0
13528.0
guac
13220.0
13527.0
keyboard
13032.0
13527.0
13680.0
mouse
12882.0
13679.0
13719.0
mug
13031.0
13371.0
13371.0
screwdriver
13376.0
13523.0

AlexNet DLA FP16 batch 1

acoustic_guitar
8954.0
backpack
7888.0
baseball
6934.0
6972.0
7125.0
7125.0
7125.0
7125.0
7125.0
7125.0
chair
7125.0
7085.0
7278.0
7278.0
7278.0
7278.0
7125.0
electric_guitar
7430.0
guac
7238.0
7278.0
7278.0
7278.0
7278.0
7278.0
keyboard
6934.0
7125.0
7125.0
7125.0
7125.0
7125.0
7125.0
7125.0
mouse
7431.0
7238.0
7278.0
7278.0
mug
6933.0
7125.0
7125.0
7125.0
6972.0
6972.0
6972.0
6972.0
screwdriver
6933.0
6932.0
6972.0
7125.0
7125.0
7125.0
6972.0

GoogleNet GPU FP32 batch 1

acoustic_guitar
11771.0
11920.0
backpack
11883.0
12072.0
baseball
11883.0
12074.0
chair
11730.0
11923.0
electric_guitar
11883.0
11921.0
guac
11730.0
11770.0
keyboard
11729.0
11920.0
mouse
11730.0
11923.0
mug
12072.0
12072.0
screwdriver
11578.0
11768.0

GoogleNet DLA FP32 batch 1

acoustic_guitar
8224.0
backpack
6934.0
6934.0
6933.0
6934.0
6781.0
6781.0
baseball
6934.0
7087.0
6934.0
6934.0
7087.0
7087.0
chair
6934.0
6740.0
6740.0
6781.0
6934.0
6934.0
6934.0
electric_guitar
6934.0
6934.0
6934.0
6781.0
6781.0
6781.0
guac
7086.0
7087.0
6934.0
6934.0
7087.0
7087.0
keyboard
6933.0
6740.0
6934.0
6934.0
6934.0
6933.0
6781.0
mouse
7086.0
6934.0
6934.0
6934.0
mug
7086.0
6934.0
6934.0
screwdriver
6934.0
6740.0
6781.0
6781.0
6781.0
6934.0
6934.0

GoogleNet GPU FP16 batch 1

acoustic_guitar
9827.0
9978.0
backpack
9522.0
9978.0
9978.0
baseball
9978.0
9977.0
chair
9522.0
9826.0
9826.0
electric_guitar
9522.0
9826.0
9826.0
guac
9826.0
9978.0
keyboard
9522.0
9978.0
9978.0
mouse
9826.0
10169.0
10129.0
mug
9674.0
9826.0
9826.0
screwdriver
9674.0
9978.0
9826.0

GoogleNet DLA FP16 batch 1

acoustic_guitar
7423.0
backpack
7086.0
6893.0
6934.0
6934.0
6934.0
6934.0
baseball
6934.0
7087.0
6934.0
6934.0
7087.0
chair
6934.0
6781.0
6934.0
6934.0
6933.0
6934.0
electric_guitar
6934.0
6740.0
6781.0
6934.0
6934.0
6781.0
6781.0
guac
6934.0
6740.0
6934.0
6934.0
6781.0
6781.0
6934.0
keyboard
7086.0
6892.0
6934.0
6933.0
7086.0
6934.0
6934.0
mouse
6934.0
7126.0
6934.0
6934.0
mug
6934.0
6781.0
6934.0
6934.0
6934.0
6781.0
screwdriver
6934.0
6934.0
6934.0
6934.0
6781.0
6781.0

SqueezeNet GPU FP32 batch 1

acoustic_guitar
11961.0
12113.0
12113.0
backpack
11659.0
12265.0
12265.0
baseball
12113.0
12265.0
12417.0
chair
11810.0
11960.0
electric_guitar
12113.0
12265.0
12113.0
guac
11659.0
11808.0
11960.0
keyboard
11960.0
12113.0
11920.0
mouse
11810.0
12113.0
12113.0
mug
12113.0
12265.0
12265.0
screwdriver
11659.0
11960.0
11960.0

SqueezeNet DLA FP32 batch 1

acoustic_guitar
9914.0
10066.0
backpack
10562.0
baseball
9914.0
10066.0
chair
9914.0
10371.0
electric_guitar
9874.0
10066.0
guac
10562.0
keyboard
10065.0
10218.0
mouse
9913.0
10066.0
mug
10066.0
10562.0
screwdriver
10523.0

SqueezeNet GPU FP16 batch 1

acoustic_guitar
10066.0
10218.0
backpack
9874.0
10066.0
10384.0
10384.0
baseball
10411.0
10218.0
9978.0
10130.0
chair
9874.0
10066.0
9674.0
9826.0
electric_guitar
10259.0
10026.0
9826.0
9826.0
guac
10410.0
10218.0
keyboard
10410.0
10066.0
9979.0
mouse
9874.0
10066.0
9674.0
10130.0
10130.0
mug
10331.0
10218.0
10026.0
9826.0
screwdriver
9914.0
10067.0
9826.0
9825.0

SqueezeNet DLA FP16 batch 1

acoustic_guitar
10066.0
10562.0
backpack
10523.0
baseball
10562.0
chair
10523.0
electric_guitar
9913.0
10066.0
guac
10066.0
10409.0
keyboard
9914.0
10067.0
mouse
9914.0
10066.0
mug
9913.0
10410.0
screwdriver
10523.0

ResNet-18 GPU FP32 batch 1

acoustic_guitar
12569.0
12874.0
backpack
12722.0
12722.0
baseball
12721.0
12874.0
chair
12417.0
12569.0
electric_guitar
11920.0
12569.0
12569.0
guac
11767.0
12264.0
12264.0
keyboard
12722.0
12569.0
mouse
12569.0
12569.0
mug
12722.0
12569.0
screwdriver
12417.0
12416.0

ResNet-18 DLA FP32 batch 1

acoustic_guitar
8415.0
backpack
7543.0
baseball
7086.0
7239.0
7086.0
7086.0
chair
6933.0
7086.0
6933.0
7086.0
6933.0
electric_guitar
6933.0
7086.0
6933.0
7086.0
guac
6933.0
6973.0
6933.0
7086.0
7087.0
keyboard
6933.0
7086.0
6933.0
6933.0
7086.0
mouse
7086.0
7239.0
7086.0
mug
7086.0
7239.0
screwdriver
6933.0
7086.0
7086.0
6933.0

ResNet-18 GPU FP16 batch 1

acoustic_guitar
11274.0
11274.0
backpack
11274.0
11274.0
baseball
10817.0
11426.0
11426.0
chair
11122.0
11274.0
electric_guitar
11122.0
11427.0
guac
11274.0
11121.0
keyboard
11122.0
11426.0
mouse
11578.0
11426.0
mug
11273.0
11426.0
screwdriver
11274.0
11274.0

ResNet-18 DLA FP16 batch 1

acoustic_guitar
8073.0
backpack
6933.0
7085.0
6933.0
7086.0
7086.0
baseball
7086.0
7086.0
6933.0
7086.0
chair
7390.0
electric_guitar
6933.0
6933.0
6933.0
7086.0
guac
6933.0
7086.0
7086.0
7086.0
keyboard
7695.0
mouse
7848.0
mug
6933.0
7086.0
7086.0
6933.0
screwdriver
6933.0
6740.0
6933.0
6933.0
6933.0

ResNet-50 GPU FP32 batch 1

acoustic_guitar
12915.0
12915.0
backpack
12113.0
12609.0
12609.0
baseball
12762.0
13066.0
chair
11960.0
12417.0
12417.0
electric_guitar
11960.0
12416.0
12416.0
guac
12418.0
12609.0
keyboard
12914.0
12609.0
mouse
12113.0
12762.0
12762.0
mug
11961.0
12456.0
12609.0
screwdriver
11808.0
12458.0
12457.0

ResNet-50 DLA FP32 batch 1

acoustic_guitar
8415.0
backpack
7391.0
7238.0
baseball
7238.0
7086.0
7238.0
7086.0
7085.0
7086.0
7238.0
chair
7086.0
6933.0
7086.0
7086.0
7086.0
7086.0
7085.0
6933.0
electric_guitar
7086.0
7086.0
7086.0
7086.0
7086.0
7086.0
7238.0
7086.0
7086.0
guac
7086.0
7086.0
7238.0
7086.0
7238.0
7086.0
7086.0
keyboard
7391.0
7543.0
mouse
7086.0
6973.0
7238.0
7086.0
7086.0
7238.0
7238.0
7086.0
mug
7238.0
7086.0
7086.0
7238.0
screwdriver
7086.0
7086.0
7086.0
7319.0
7086.0
7086.0
7086.0
7086.0

ResNet-50 GPU FP16 batch 1

acoustic_guitar
10858.0
11162.0
11313.0
backpack
11465.0
11314.0
baseball
11162.0
11313.0
chair
11161.0
11314.0
electric_guitar
11161.0
11313.0
guac
10858.0
11162.0
11313.0
keyboard
11161.0
11313.0
mouse
11465.0
11658.0
mug
11009.0
11162.0
screwdriver
11161.0
11313.0

ResNet-50 DLA FP16 batch 1

acoustic_guitar
8112.0
backpack
7126.0
7238.0
7238.0
7391.0
baseball
7390.0
7390.0
7238.0
7390.0
7390.0
7390.0
7238.0
chair
7279.0
7086.0
7086.0
7086.0
7086.0
electric_guitar
7695.0
guac
7391.0
7238.0
keyboard
7086.0
7238.0
7238.0
7086.0
mouse
7086.0
7238.0
7238.0
7086.0
7086.0
7086.0
7086.0
7086.0
7086.0
mug
7086.0
7238.0
7086.0
7086.0
7319.0
7086.0
screwdriver
7238.0
7391.0

ResNet-101 GPU FP32 batch 1

acoustic_guitar
12266.0
12417.0
12417.0
12417.0
12417.0
backpack
12265.0
12417.0
12417.0
12417.0
12417.0
baseball
12265.0
12569.0
12569.0
12569.0
12569.0
chair
12113.0
12265.0
12265.0
12265.0
12265.0
electric_guitar
11961.0
12417.0
12264.0
12264.0
12264.0
guac
12873.0
12265.0
12265.0
12265.0
keyboard
12072.0
12265.0
12417.0
12265.0
12417.0
mouse
12265.0
12569.0
12569.0
12569.0
12569.0
mug
12113.0
12417.0
12417.0
12417.0
12417.0
screwdriver
12113.0
12265.0
12265.0
12265.0
12265.0

ResNet-101 DLA FP32 batch 1

acoustic_guitar
8264.0
backpack
7543.0
7239.0
baseball
7695.0
chair
7544.0
electric_guitar
7471.0
guac
7086.0
6966.0
6933.0
7086.0
7086.0
7126.0
7086.0
7086.0
7086.0
7086.0
7086.0
7086.0
7086.0
7086.0
7086.0
7086.0
keyboard
7086.0
7086.0
7086.0
6934.0
7086.0
7086.0
7086.0
7086.0
6933.0
7086.0
7086.0
7086.0
7086.0
7086.0
7086.0
mouse
7086.0
7238.0
7086.0
7086.0
7086.0
7086.0
7086.0
7086.0
7086.0
7086.0
7086.0
7086.0
7086.0
7086.0
mug
7543.0
screwdriver
7086.0
6933.0
7086.0
7086.0
7086.0
6934.0
6933.0
7086.0
7086.0
7086.0
7086.0
7086.0
7086.0
7086.0
7086.0

ResNet-101 GPU FP16 batch 1

acoustic_guitar
10818.0
11314.0
11314.0
backpack
11313.0
11466.0
baseball
10969.0
11313.0
11313.0
chair
11464.0
11465.0
electric_guitar
11465.0
12072.0
guac
11009.0
11465.0
11313.0
keyboard
11162.0
11466.0
mouse
11466.0
11769.0
11275.0
mug
10969.0
11465.0
11465.0
screwdriver
11314.0
11313.0

ResNet-101 DLA FP16 batch 1

acoustic_guitar
8072.0
backpack
7086.0
7086.0
7086.0
7086.0
7239.0
7086.0
7086.0
7086.0
7086.0
7086.0
7086.0
baseball
7735.0
7695.0
chair
6933.0
6934.0
6934.0
7086.0
7086.0
7086.0
7086.0
7086.0
7086.0
7086.0
7086.0
7086.0
7086.0
7086.0
7086.0
7086.0
electric_guitar
7391.0
7239.0
guac
7696.0
keyboard
6934.0
6933.0
7086.0
7086.0
7086.0
6933.0
6933.0
6933.0
7086.0
7086.0
6933.0
7086.0
7086.0
7086.0
7086.0
mouse
7238.0
7238.0
7238.0
7238.0
7238.0
7431.0
7238.0
mug
7087.0
7319.0
7086.0
7086.0
7086.0
7086.0
7086.0
7086.0
7086.0
7086.0
7086.0
screwdriver
6934.0
7086.0
6933.0
6933.0
7086.0
7086.0
7086.0
6933.0
7086.0
7086.0
7086.0
7086.0
7086.0
7086.0
7086.0

ResNet-152 GPU FP32 batch 1

acoustic_guitar
12224.0
12376.0
12417.0
12417.0
12417.0
12417.0
12417.0
backpack
12224.0
12417.0
12417.0
12417.0
12417.0
12417.0
12417.0
baseball
12417.0
12569.0
12569.0
12569.0
12570.0
12570.0
12570.0
chair
12072.0
12224.0
12113.0
12265.0
12265.0
12224.0
12265.0
electric_guitar
12224.0
12265.0
12417.0
12417.0
12417.0
12265.0
12417.0
guac
12072.0
12072.0
12072.0
12072.0
12265.0
12265.0
12265.0
keyboard
11767.0
12071.0
12264.0
12112.0
12417.0
12417.0
12417.0
mouse
12417.0
12569.0
12416.0
12416.0
12570.0
12570.0
12569.0
mug
12569.0
13025.0
screwdriver
12075.0
12265.0
12418.0
12265.0
12265.0
12569.0
12265.0

ResNet-152 DLA FP32 batch 1

acoustic_guitar
8378.0
backpack
7086.0
7239.0
7239.0
7087.0
7239.0
7087.0
7087.0
7239.0
7087.0
7087.0
7239.0
7087.0
7087.0
7239.0
7087.0
7087.0
7087.0
7087.0
7087.0
7087.0
7087.0
7087.0
7087.0
baseball
7664.0
7848.0
7696.0
chair
7239.0
7159.0
7279.0
7391.0
7391.0
7239.0
7239.0
electric_guitar
7544.0
guac
7279.0
7544.0
7391.0
keyboard
7391.0
7391.0
7239.0
7239.0
7239.0
7239.0
7391.0
mouse
7543.0
7391.0
7391.0
mug
7696.0
screwdriver
7238.0
7239.0
7239.0
7391.0
7239.0
7239.0

ResNet-152 GPU FP16 batch 1

acoustic_guitar
10817.0
11274.0
11314.0
backpack
11771.0
11274.0
baseball
11274.0
11274.0
11162.0
chair
11275.0
11314.0
electric_guitar
10970.0
11314.0
11163.0
guac
10970.0
11314.0
11466.0
keyboard
11274.0
11274.0
mouse
11426.0
11770.0
12072.0
mug
11123.0
11618.0
screwdriver
11275.0
11274.0
11275.0

ResNet-152 DLA FP16 batch 1

acoustic_guitar
7920.0
backpack
7391.0
7431.0
7544.0
7543.0
baseball
7543.0
7696.0
chair
7391.0
7543.0
7391.0
electric_guitar
7391.0
7239.0
7239.0
7239.0
7391.0
guac
7422.0
7543.0
7696.0
keyboard
7543.0
7696.0
mouse
8040.0
mug
7391.0
7583.0
7543.0
7391.0
screwdriver
8000.0
7696.0

VGG-16 GPU FP32 batch 1

acoustic_guitar
14778.0
14929.0
14929.0
14929.0
15121.0
15232.0
15081.0
backpack
14778.0
14929.0
15272.0
14929.0
14929.0
15121.0
baseball
15080.0
15232.0
15272.0
15231.0
15232.0
15271.0
15423.0
chair
14777.0
14626.0
14625.0
14817.0
14625.0
14626.0
electric_guitar
14626.0
14929.0
14777.0
15119.0
14777.0
14777.0
15081.0
guac
14473.0
15273.0
14666.0
14666.0
14969.0
14666.0
keyboard
14778.0
14777.0
14928.0
14777.0
14929.0
14969.0
14433.0
mouse
14778.0
14817.0
15272.0
14968.0
14969.0
15272.0
14969.0
mug
14777.0
14969.0
14969.0
14968.0
14969.0
15725.0
14968.0
screwdriver
14778.0
14625.0
14665.0
14817.0
14625.0
14625.0

VGG-16 DLA FP32 batch 1

acoustic_guitar
9410.0
9563.0
backpack
8914.0
8537.0
baseball
9114.0
9067.0
9066.0
chair
8762.0
8577.0
8576.0
8609.0
8497.0
electric_guitar
8914.0
9258.0
8994.0
8995.0
guac
8762.0
8962.0
8762.0
9219.0
keyboard
8914.0
8842.0
8915.0
8841.0
8650.0
8537.0
8537.0
mouse
9067.0
9259.0
8994.0
mug
8915.0
8730.0
8498.0
8577.0
8609.0
8761.0
8538.0
8650.0
screwdriver
8763.0
8762.0
9219.0

VGG-16 GPU FP16 batch 1

acoustic_guitar
12914.0
12762.0
backpack
12010.0
12610.0
12610.0
baseball
13218.0
13368.0
chair
12610.0
12762.0
electric_guitar
12610.0
12914.0
guac
12306.0
12610.0
12610.0
keyboard
12458.0
12914.0
mouse
12762.0
13067.0
12913.0
mug
12762.0
12762.0
screwdriver
12610.0
13216.0

VGG-16 DLA FP16 batch 1

acoustic_guitar
9674.0
backpack
9227.0
baseball
8729.0
8994.0
chair
10026.0
electric_guitar
9379.0
guac
9451.0
9033.0
keyboard
8416.0
8729.0
8346.0
8346.0
8345.0
mouse
9219.0
8914.0
mug
8569.0
8577.0
8537.0
8915.0
8568.0
8537.0
screwdriver
9602.0

VGG-19 GPU FP32 batch 1

acoustic_guitar
14625.0
15536.0
15081.0
15081.0
15232.0
15081.0
15081.0
15080.0
backpack
14778.0
14929.0
14929.0
15271.0
14928.0
14969.0
14929.0
14929.0
baseball
15079.0
15384.0
15384.0
15384.0
15384.0
15725.0
15384.0
15384.0
chair
14283.0
14778.0
14777.0
14777.0
14929.0
14778.0
14778.0
14929.0
electric_guitar
14473.0
14777.0
14929.0
15120.0
14929.0
14969.0
15121.0
14929.0
guac
14626.0
14626.0
14777.0
14626.0
14626.0
14777.0
14778.0
14929.0
keyboard
14132.0
15080.0
14929.0
14777.0
14929.0
14929.0
14777.0
14929.0
mouse
14929.0
15383.0
14929.0
14929.0
14928.0
14929.0
14929.0
15080.0
mug
14929.0
14969.0
15120.0
14929.0
14929.0
15080.0
14969.0
14929.0
screwdriver
14283.0
14778.0
14777.0
14778.0
14928.0
14778.0
14777.0
14929.0

VGG-19 DLA FP32 batch 1

acoustic_guitar
9106.0
8994.0
backpack
8610.0
8345.0
8537.0
8385.0
8609.0
8223.0
8305.0
8416.0
8263.0
8498.0
8345.0
baseball
8416.0
8386.0
8457.0
8153.0
8345.0
8154.0
8345.0
chair
9146.0
electric_guitar
8609.0
8193.0
8193.0
8729.0
8385.0
8385.0
7928.0
7960.0
8072.0
8762.0
8073.0
8193.0
8346.0
8649.0
8345.0
7888.0
guac
8609.0
8346.0
8538.0
8233.0
8418.0
8538.0
8498.0
keyboard
8538.0
8729.0
8730.0
8721.0
8915.0
8690.0
8650.0
mouse
9338.0
9067.0
mug
9034.0
8729.0
8690.0
screwdriver
9531.0

VGG-19 GPU FP16 batch 1

acoustic_guitar
12011.0
12266.0
12418.0
backpack
12162.0
12193.0
11819.0
11771.0
12266.0
12114.0
baseball
14280.0
chair
12049.0
11820.0
11819.0
12266.0
12266.0
electric_guitar
12418.0
12874.0
guac
11668.0
11898.0
11961.0
12266.0
12266.0
keyboard
12265.0
13027.0
mouse
12418.0
13027.0
13027.0
mug
11859.0
11706.0
12418.0
12418.0
screwdriver
11515.0
11594.0
11858.0
12113.0
12114.0
12114.0

VGG-19 DLA FP16 batch 1

acoustic_guitar
9067.0
9379.0
backpack
8610.0
8498.0
8537.0
8386.0
8680.0
8305.0
baseball
8915.0
8577.0
8914.0
8721.0
chair
9147.0
8994.0
electric_guitar
9227.0
8801.0
guac
8385.0
8729.0
8345.0
8650.0
keyboard
8994.0
9147.0
mouse
9490.0
9451.0
mug
9379.0
screwdriver
8762.0
8650.0
8881.0
8842.0

