AlexNet GPU FP32 batch 1

154.975
154.927
155.345
154.912
154.837
154.951
154.904
149.139
154.929
155.126

AlexNet DLA FP32 batch 1

28.6623
28.6629
28.6497
28.6553
28.6435
28.6539
28.655
28.6527
28.6535
28.6554

AlexNet GPU FP16 batch 1

300.523
301.146
301.117
300.09
300.861
299.248
300.8
300.371
300.848
299.916

AlexNet DLA FP16 batch 1

28.6498
28.6547
28.6541
28.6506
28.6558
28.6565
28.6569
28.6575
28.656
28.6566

GoogleNet GPU FP32 batch 1

147.007
147.29
147.279
147.273
147.219
146.78
146.969
147.263
146.745
147.008

GoogleNet DLA FP32 batch 1

33.6842
33.6843
33.6787
33.6765
33.6783
33.6846
33.6851
33.6669
33.6834
33.6861

GoogleNet GPU FP16 batch 1

281.285
281.273
280.683
279.697
283.367
279.127
282.238
279.921
280.583
280.533

GoogleNet DLA FP16 batch 1

33.672
33.6828
33.6802
33.683
33.6794
33.6843
33.6839
33.6699
33.6794
33.6712

SqueezeNet GPU FP32 batch 1

259.154
258.45
258.665
259.157
259.386
259.236
259.172
258.918
259.249
259.014

SqueezeNet DLA FP32 batch 1

54.4884
54.5828
54.3924
54.612
54.3809
54.4508
54.4726
54.5334
54.5506
54.3876

SqueezeNet GPU FP16 batch 1

455.788
452.25
453.965
454.177
453.657
453.613
453.636
449.638
447.485
454.082

SqueezeNet DLA FP16 batch 1

54.5239
54.1273
54.5699
54.3636
54.4918
54.3914
54.5065
54.1923
54.3876
54.5432

ResNet-18 GPU FP32 batch 1

174.533
174.533
174.169
174.414
174.335
174.328
174.223
174.682
174.674
174.272

ResNet-18 DLA FP32 batch 1

50.1464
50.1357
50.1446
50.1314
50.1368
50.139
50.1355
50.1437
50.1451
50.145

ResNet-18 GPU FP16 batch 1

386.314
385.048
383.961
383.422
384.121
384.206
386.243
385.713
383.88
385.994

ResNet-18 DLA FP16 batch 1

50.152
50.1536
50.147
50.1392
50.1517
50.1646
50.1499
50.1451
50.1659
50.1616

ResNet-50 GPU FP32 batch 1

68.0832
68.4439
68.2841
68.2824
68.1847
68.262
68.3102
68.1809
68.1909
68.0642

ResNet-50 DLA FP32 batch 1

23.2443
23.2446
23.2453
23.2443
23.246
23.2403
23.2447
23.2453
23.2456
23.2379

ResNet-50 GPU FP16 batch 1

181.874
182.562
182.174
182.018
182.304
182.045
182.406
182.786
182.071
181.555

ResNet-50 DLA FP16 batch 1

23.2453
23.2446
23.2443
23.2443
23.2413
23.241
23.2392
23.2402
23.2351
23.2417

ResNet-101 GPU FP32 batch 1

37.1222
37.0774
37.0387
37.0485
37.1071
37.0418
37.0234
37.0434
37.0983
37.0416

ResNet-101 DLA FP32 batch 1

13.5526
13.553
13.5527
13.5533
13.5536
13.5528
13.5519
13.5523
13.5528
13.5502

ResNet-101 GPU FP16 batch 1

97.4669
97.2456
97.0794
97.1101
97.1512
96.6093
97.3078
96.8495
96.117
96.882

ResNet-101 DLA FP16 batch 1

13.5528
13.5525
13.5534
13.5531
13.5523
13.5533
13.5531
13.5531
13.5535
10.8796

ResNet-152 GPU FP32 batch 1

25.5796
25.6483
25.5291
25.5756
25.5451
25.6345
25.5442
25.6425
25.6595
25.5854

ResNet-152 DLA FP32 batch 1

9.53123
9.5312
9.53093
9.53143
8.12586
9.53112
9.53135
9.5313
9.53131
9.53111

ResNet-152 GPU FP16 batch 1

66.8897
66.7302
66.9871
66.8709
66.9766
66.7025
67.3197
66.6228
67.0945
66.7414

ResNet-152 DLA FP16 batch 1

9.53104
9.53108
9.53135
9.53138
9.53117
9.53111
9.53134
9.53121
9.53103
9.53061

VGG-16 GPU FP32 batch 1

27.3714
27.3479
27.1719
27.1577
27.3533
27.3274
27.3491
27.3457
27.3457
27.3468

VGG-16 DLA FP32 batch 1

8.81229
8.81328
8.81192
8.8122
8.81385
8.81216
8.81416
8.81383
8.8155
8.81559

VGG-16 GPU FP16 batch 1

72.7275
72.9406
72.821
72.8536
72.8473
72.9593
72.8638
73.0078
73.0579
72.8483

VGG-16 DLA FP16 batch 1

8.81355
8.81157
8.80648
8.8142
8.8131
8.81296
8.80827
8.81329
8.81435
8.80781

VGG-19 GPU FP32 batch 1

22.4611
22.5198
22.5287
22.516
22.4519
22.5381
22.5169
22.5304
22.5278
22.5204

VGG-19 DLA FP32 batch 1

7.11621
7.11989
7.12122
7.12165
7.12124
7.12129
7.12193
7.12196
7.11741
7.12245

VGG-19 GPU FP16 batch 1

62.4776
62.0853
62.118
62.4038
62.4721
62.0077
62.4722
62.4474
62.4315
62.3266

VGG-19 DLA FP16 batch 1

7.12213
7.12159
7.12176
7.12111
6.61691
7.12236
7.12143
7.1214
7.12233
7.11905

